Number: 0.7266666666666667
Case: 0.12466666666666666
Person: 0.3606666666666667
Complete: 0.033666666666666664
