Number: 0.7246666666666667
Case: 0.125
Person: 0.18233333333333332
Complete: 0.018
