Number: 0.741
Case: 0.132
Person: 0.4666666666666667
Complete: 0.04466666666666667
