Number: 0.7406666666666667
Case: 0.12333333333333334
Person: 0.388
Complete: 0.03
