Number: 0.36233333333333334
Case: 0.074
Person: 0.14566666666666667
Complete: 0.006666666666666667
