Number: 0.7426666666666667
Case: 0.135
Person: 0.429
Complete: 0.042333333333333334
