Number: 0.5413333333333333
Case: 0.122
Person: 0.5063333333333333
Complete: 0.034666666666666665
