Number: 0.7516666666666667
Case: 0.6863333333333334
Person: 0.7186666666666667
Complete: 0.413
