Number: 0.6041666666666666
Case: 0.125
Person: 0.20833333333333334
Completely correct: 0.041666666666666664
