Number: 0.7542857142857143
Case: 0.6114285714285714
Person: 0.42428571428571427
Complete: 0.23285714285714285
