Number: 0.9366666666666666
Case: 0.7866666666666666
Person: 0.9966666666666667
Complete: 0.7466666666666667
