Number: 0.593
Case: 0.09433333333333334
Person: 0.5376666666666666
Complete: 0.027
