Number: 0.7816091954022989
Case: 0.7011494252873564
Person: 0.5977011494252874
Complete: 0.3793103448275862
