Number: 0.751
Case: 0.14466666666666667
Person: 0.4563333333333333
Complete: 0.04933333333333333
