Number: 0.7406666666666667
Case: 0.13433333333333333
Person: 0.192
Complete: 0.021666666666666667
