Number: 0.7396666666666667
Case: 0.13166666666666665
Person: 0.20633333333333334
Complete: 0.024
