Number: 0.5146666666666667
Case: 0.13
Person: 0.19666666666666666
Complete: 0.01
