Number: 0.6086666666666667
Case: 0.162
Person: 0.25566666666666665
Complete: 0.028
