Number: 0.7241379310344828
Case: 0.42528735632183906
Person: 0.42528735632183906
Complete: 0.2413793103448276
